3.3487290833
3.4410768317
7.7932863252
7.5190642075
7.3944065117
11.2514582102
4.6794761138
8.3130480165
9.3480064729
6.086336478
10.7653703424
11.4025193378
11.1516892879
8.5461516987
8.3238862915
7.133249201
10.2421894074
8.8876864444
10.7594447801
9.210954633
15.6931601433
9.2396832989
9.4761162975
10.1286255851
10.9439250896
10.2742879876
9.5523941675
9.5193111534
9.9239891171
8.6462551226
12.2077464641
15.2495318077
9.8206671939
11.9139640122
9.5068624126
15.8585888358
14.9184869637
15.0894361711
14.3849680129
14.4239441905
15.7593117582
17.063349232
12.2328637238
10.9882459561
19.1098995605
18.3443531006
17.3972325535
12.3727066005
13.0387208788
19.100965014
17.0944808196
20.8016794614
15.7637623334
22.3023205077
23.3941298913
19.8848126945
22.0974370098
16.9958153359
24.2860379291
25.214705827
25.3052235433
22.6561216686
30.1857017488
28.283825871
35.6375381185
35.598162704
35.6452982228
36.2134283948
39.5654184113
46.3607023835
55.8444951275
64.5014238779
77.7509093738
83.0042338716
111.9836537469
121.0521190129
176.8206206982
198.4676983245
210.5262439337
215.3670823857
221.5800314896
209.7551225152
198.4104196334
168.1394900299
126.0081896959
110.3900356938
90.8874346149
60.5443025644
71.0062869894
61.6162947085
45.3280369505
43.8563847255
48.8630709016
44.6525224346
41.2091201259
36.6347807599
36.0983695426
37.7541996514
41.102019291
26.8744093328
24.6331490055
26.0534046597
26.7870538029
16.5155906553
19.3677312895
17.7949587464
19.5278521873
15.4376352497
21.9671266238
15.3110434436
16.4989349391
16.4120211465
17.9045121232
14.1988123224
15.2966238484
14.3938335608
10.8075400049
17.4053107258
15.3097863105
15.1176652828
15.9263770105
14.0002236215
15.8277575399
19.223554337
12.2780074469
14.822245429
13.2266749319
10.5512378099
8.5808165437
10.3291230698
13.7099439354
11.7784423916
14.4549307468
10.0233524525
11.0146358506
10.6210624774
9.2966551029
9.6335794197
11.482703532
9.8190739279
12.0959186175
9.8205909206
9.620109753
13.2157018044
8.0920855386
9.8280156692
8.2596555854
9.4241895831
13.1499859461
7.4711751192
10.9475670756
10.7778880967
8.4774421952
9.5854299926
7.0325498666
5.1039620516
9.2859995773
7.421574444
5.7408413178
2.3672530846
